-9.493893623352050781e+00
-4.754582405090332031e+00
-5.609657287597656250e+00
-2.121006250381469727e+00
-1.149094551801681519e-01
-2.950429916381835938e+00
-1.784729123115539551e+00
-8.042179107666015625e+00
-8.060416221618652344e+00
-3.826707363128662109e+00
-3.469969034194946289e+00
-1.252142429351806641e+00
-8.039214015007019043e-01
-9.643498063087463379e-01
-9.075771331787109375e+00
-3.679326534271240234e+00
-5.872985124588012695e-01
1.246359825134277344e+00
1.454976081848144531e+00
4.308585643768310547e+00
4.025982379913330078e+00
5.534039497375488281e+00
2.979490995407104492e+00
1.811714410781860352e+00
2.099210500717163086e+00
4.489475250244140625e+00
1.386371421813964844e+01
1.190966033935546875e+01
1.393770122528076172e+01
1.381908512115478516e+01
1.631610488891601562e+01
1.673200225830078125e+01
1.103397655487060547e+01
1.171765041351318359e+01
7.661865711212158203e+00
7.003397464752197266e+00
4.929096698760986328e+00
6.128602981567382812e+00
-6.469031572341918945e-01
-5.918800830841064453e+00
-4.656131267547607422e+00
-5.229937076568603516e+00
-5.076477527618408203e+00
-4.731749057769775391e+00
-5.584154605865478516e+00
-3.685998678207397461e+00
-9.975623488426208496e-01
-3.734927892684936523e+00
-2.493461132049560547e+00
-2.669161319732666016e+00
-7.648818016052246094e+00
-2.742555141448974609e+00
1.711187124252319336e+00
6.835111141204833984e+00
6.144023418426513672e+00
7.858917236328125000e+00
9.471504211425781250e+00
8.263991355895996094e+00
7.669279575347900391e+00
9.536595344543457031e+00
1.210241222381591797e+01
1.519829559326171875e+01
1.287326908111572266e+01
1.006636524200439453e+01
9.404931068420410156e+00
9.346660614013671875e+00
6.087087631225585938e+00
9.506793022155761719e+00
8.563645362854003906e+00
1.295971107482910156e+01
1.345715713500976562e+01
1.037046718597412109e+01
1.449415969848632812e+01
1.369498252868652344e+01
1.082684326171875000e+01
7.965523242950439453e+00
7.580169200897216797e+00
2.484564781188964844e+00
6.863133907318115234e+00
8.879461288452148438e+00
5.936444759368896484e+00
9.232048034667968750e+00
6.419657707214355469e+00
5.409789085388183594e+00
1.028550863265991211e+00
-1.600874066352844238e+00
-1.512949824333190918e+00
-1.326574087142944336e+00
5.620184421539306641e+00
7.367549538612365723e-01
5.070991516113281250e+00
5.147943496704101562e+00
4.703874111175537109e+00
7.661273002624511719e+00
4.482655048370361328e+00
5.451601028442382812e+00
4.551007270812988281e+00
3.454548835754394531e+00
3.911221265792846680e+00
4.886098384857177734e+00
6.210448265075683594e+00
4.815225124359130859e+00
-1.926179051399230957e+00
4.554714202880859375e+00
3.930496454238891602e+00
2.459655523300170898e+00
2.860430002212524414e+00
2.062291145324707031e+00
1.748847723007202148e+00
-8.039214015007019043e-01
6.982046961784362793e-01
-4.481468677520751953e+00
-2.369803667068481445e+00
-9.806595444679260254e-01
-2.971336126327514648e+00
4.528173804283142090e-01
2.118782043457031250e+00
3.405026674270629883e+00
2.413543462753295898e+00
-5.720266699790954590e-01
3.513412237167358398e+00
2.810018062591552734e+00
3.175355911254882812e+00
1.264597058296203613e+00
1.021285533905029297e+00
6.863727092742919922e+00
3.467003583908081055e+00
-3.960298895835876465e-01
1.175338387489318848e+00
1.398485183715820312e+00
2.252670049667358398e+00
-1.341845870018005371e+00
-1.011351466178894043e+00
-1.414201736450195312e+00
-4.657613754272460938e+00
-4.104862213134765625e+00
-3.336822271347045898e+00
-4.824269771575927734e+00
-7.171387672424316406e+00
-7.817401409149169922e+00
-5.325126647949218750e+00
-8.830532073974609375e+00
-3.827893495559692383e+00
-1.871170699596405029e-01
1.926030755043029785e+00
1.978221893310546875e+00
3.155042886734008789e+00
3.086838722229003906e+00
2.724021196365356445e+00
2.978749513626098633e+00
1.459275960922241211e+00
-2.087793588638305664e+00
-1.723938345909118652e+00
-7.873150706291198730e-02
-2.446755886077880859e+00
1.554020643234252930e+00
2.712011337280273438e+00
4.541369915008544922e+00
3.275438308715820312e+00
4.385538101196289062e+00
-9.797698855400085449e-01
-3.947547435760498047e+00
-3.958371162414550781e+00
-1.007689189910888672e+01
7.724880576133728027e-01
5.662441253662109375e+00
6.826066493988037109e+00
4.722556114196777344e+00
6.284138679504394531e+00
1.756706118583679199e+00
-1.597463846206665039e+00
2.173197269439697266e+00
4.817004203796386719e+00
3.577613115310668945e+00
4.986329078674316406e-01
2.944943904876708984e+00
2.731879711151123047e+00
2.936047792434692383e+00
2.378106832504272461e+00
1.124333381652832031e+00
1.793477177619934082e+00
2.004762172698974609e+00
4.915159225463867188e+00
2.818617820739746094e-01
-4.283082962036132812e+00
-2.507991552352905273e+00
-6.304748058319091797e+00
-4.994928836822509766e+00
1.340066671371459961e+00
7.263759970664978027e-01
-4.609426021575927734e+00
-3.540100812911987305e+00
-7.424781799316406250e+00
-5.434105396270751953e+00
-1.034763336181640625e+01
-7.834897518157958984e+00
-8.267549514770507812e+00
-7.378818035125732422e+00
-7.334336757659912109e+00
-7.394534587860107422e+00
-9.732608795166015625e+00
-3.463445186614990234e+00
-6.213562011718750000e+00
-9.962279319763183594e+00
-9.467649459838867188e+00
-7.106000900268554688e+00
-1.144112682342529297e+01
-6.271980285644531250e+00
-2.042571067810058594e+00
-5.966395735740661621e-01
5.845258712768554688e+00
7.412919998168945312e+00
6.525671005249023438e+00
5.634270235896110535e-02
2.149622201919555664e+00
2.228798627853393555e+00
5.612029433250427246e-01
5.680233836174011230e-01
-2.628980159759521484e+00
-3.458255767822265625e+00
-7.062705993652343750e+00
-3.379968881607055664e+00
1.598353385925292969e-01
3.528239250183105469e+00
2.283955097198486328e+00
4.185966014862060547e+00
5.505126476287841797e+00
1.939523339271545410e+00
4.283528029918670654e-01
7.970564842224121094e+00
1.047040081024169922e+01
7.526198863983154297e+00
9.011866450309753418e-01
9.894074797630310059e-01
-5.070250034332275391e+00
-6.490086078643798828e+00
-7.306462287902832031e+00
-2.995207548141479492e+00
-8.248274922370910645e-01
3.733741760253906250e+00
8.907187461853027344e+00
5.366197586059570312e+00
9.699840545654296875e+00
9.530071258544921875e+00
1.097199916839599609e+00
2.314498901367187500e+00
2.158073663711547852e+00
1.010017037391662598e+00
4.141040325164794922e+00
7.096214890480041504e-01
1.147760152816772461e+00
1.234201669692993164e+00
2.354383468627929688e+00
1.142422437667846680e+00
-3.981946229934692383e+00
-1.400264382362365723e+00
-4.626625537872314453e+00
-2.953247070312500000e+00
-1.574630141258239746e-01
-3.358321487903594971e-01
-1.301664710044860840e+00
-1.751664876937866211e+00
-8.067384958267211914e-01
2.383741140365600586e+00
4.039474964141845703e+00
5.667037963867187500e+00
7.189328670501708984e+00
6.751782894134521484e+00
4.126064777374267578e+00
2.235619068145751953e+00
-4.508305549621582031e+00
-6.413726806640625000e+00
-2.047167539596557617e+00
2.509918928146362305e+00
-6.617301702499389648e-01
4.116575717926025391e+00
1.632307291030883789e+00
2.041681557893753052e-01
3.264911174774169922e-01
2.297744274139404297e+00
2.076228618621826172e+00
5.990118533372879028e-02
-3.529870271682739258e+00
-6.652886867523193359e-01
-8.036248385906219482e-02
7.594403028488159180e-01
-5.479920864105224609e+00
-3.125537157058715820e+00
-5.057498812675476074e-01
-3.414664268493652344e-01
7.401651740074157715e-01
1.810231685638427734e+00
-2.686657309532165527e-01
-1.692653298377990723e+00
2.346821784973144531e+00
5.761782526969909668e-01
4.370414257049560547e+00
1.084270763397216797e+01
1.263232994079589844e+01
1.269015502929687500e+01
1.139723873138427734e+01
8.463562965393066406e+00
6.509361267089843750e+00
3.045619487762451172e+00
-1.526294112205505371e+00
-1.265041947364807129e+00
-4.411188602447509766e+00
-8.243530273437500000e+00
-1.057938003540039062e+01
-1.064713954925537109e+01
-1.824717712402343750e+01
-1.318063354492187500e+01
-8.384238243103027344e+00
-1.028788089752197266e+01
-7.885605812072753906e+00
-4.955933570861816406e+00
5.158322453498840332e-01
-3.174466490745544434e-01
2.111813306808471680e+00
7.343677997589111328e+00
7.222541332244873047e+00
7.210382938385009766e+00
8.946776390075683594e+00
3.994252681732177734e+00
1.121961116790771484e+00
5.263594388961791992e-01
-4.237564206123352051e-01
-3.569903135299682617e+00
-6.297779560089111328e+00
-1.006028556823730469e+01
-5.477400302886962891e+00
-6.786922931671142578e+00
-4.731007575988769531e+00
-4.549524784088134766e+00
4.839541316032409668e-01
-5.226971626281738281e+00
-3.349721908569335938e+00
-5.181304454803466797e+00
-4.671106338500976562e+00
-5.334764122962951660e-01
4.173808097839355469e-01
4.246905326843261719e+00
1.732686281204223633e+00
1.084003925323486328e+00
3.473230838775634766e+00
6.184352874755859375e+00
5.538487434387207031e+00
1.065484905242919922e+01
1.343195152282714844e+01
1.473569202423095703e+01
1.342498302459716797e+01
1.148664569854736328e+01
5.726642608642578125e+00
-9.465573430061340332e-01
-3.905735254287719727e+00
-9.371421813964843750e+00
-1.163743686676025391e+01
-5.554500579833984375e+00
-6.056988716125488281e+00
-4.832276344299316406e+00
-1.985338807106018066e+00
-4.134071350097656250e+00
-1.065914988517761230e+00
5.996049404144287109e+00
3.259425163269042969e+00
4.778157711029052734e+00
7.043430805206298828e+00
5.781947135925292969e+00
5.512392044067382812e+00
8.256429672241210938e+00
8.681964874267578125e+00
1.480493450164794922e+01
1.284910106658935547e+01
8.691009521484375000e+00
5.369310855865478516e+00
1.382768511772155762e+00
5.107317447662353516e+00
-3.728997230529785156e+00
-5.669113636016845703e+00
-9.343399047851562500e+00
-8.977764129638671875e+00
-1.164114284515380859e+01
-1.046076393127441406e+01
-1.167494869232177734e+01
-6.285917758941650391e+00
-6.692178249359130859e+00
-1.453048549592494965e-02
6.145802497863769531e+00
9.252064704895019531e+00
1.309611892700195312e+01
1.854875755310058594e+01
2.439342308044433594e+01
2.202302742004394531e+01
2.614256858825683594e+01
2.439920616149902344e+01
3.033594703674316406e+01
2.989054489135742188e+01
2.841214179992675781e+01
2.639640617370605469e+01
1.552523136138916016e+01
1.542336940765380859e+01
2.711418390274047852e+00
-4.033692359924316406e+00
-1.080089569091796875e+01
-1.215994071960449219e+01
-1.010743522644042969e+01
-1.201567363739013672e+01
-1.072186756134033203e+01
-4.940810203552246094e+00
-1.863905549049377441e+00
1.361565828323364258e+00
5.944303035736083984e+00
9.437550544738769531e+00
1.135231304168701172e+01
1.559047031402587891e+01
1.640239715576171875e+01
2.058080291748046875e+01
2.002330589294433594e+01
1.787234878540039062e+01
1.877991104125976562e+01
1.561093139648437500e+01
1.209618473052978516e+01
9.485589981079101562e+00
4.878684997558593750e+00
1.720083355903625488e+00
-2.102472335100173950e-01
-2.489161252975463867e+00
-8.338719606399536133e-01
-3.798239469528198242e+00
-1.089786434173583984e+01
-1.124585437774658203e+01
-7.921931743621826172e+00
-8.711619377136230469e+00
-1.343328654766082764e-01
3.532539129257202148e+00
6.153957366943359375e+00
9.669148445129394531e+00
1.168132495880126953e+01
1.415432453155517578e+01
1.372967815399169922e+01
1.378009033203125000e+01
1.300256061553955078e+01
1.417982673645019531e+01
8.896808624267578125e+00
1.246967792510986328e+01
6.599657535552978516e+00
2.638469457626342773e+00
-1.131450414657592773e+00
1.459424257278442383e+00
-1.006755113601684570e+00
-5.663924217224121094e-01
-1.826541423797607422e+00
-3.523939371109008789e+00
-2.648403406143188477e+00
-3.414515972137451172e+00
-5.161287784576416016e+00
-2.081714630126953125e+00
2.049539804458618164e+00
1.107934761047363281e+01
1.872683143615722656e+01
1.690577507019042969e+01
2.081922149658203125e+01
1.886783599853515625e+01
1.984123039245605469e+01
1.714137649536132812e+01
1.900053787231445312e+01
1.631032180786132812e+01
1.389870643615722656e+01
1.096844100952148438e+01
1.100358104705810547e+01
1.231636619567871094e+01
5.616477489471435547e+00
1.869984626770019531e+00
2.090462446212768555e+00
-1.496788263320922852e+00
8.015490770339965820e-01
1.742175579071044922e+00
4.729821383953094482e-01
-3.890166997909545898e+00
-6.064253807067871094e+00
-6.327136993408203125e+00
-1.076664543151855469e+01
-6.449756622314453125e+00
-2.135536670684814453e+00
7.409954547882080078e+00
7.497879028320312500e+00
7.557187080383300781e+00
1.275850772857666016e+01
6.508619785308837891e+00
1.082669496536254883e+00
-2.360462665557861328e+00
-4.477762222290039062e+00
-7.964633941650390625e+00
-8.879313468933105469e+00
-1.136194992065429688e+01
-1.169466876983642578e+01
-1.203376293182373047e+01
-1.241140747070312500e+01
-9.392921447753906250e+00
-1.215875434875488281e+01
-2.028930187225341797e+00
4.434763491153717041e-01
2.166376829147338867e+00
6.936527729034423828e+00
8.939659118652343750e+00
9.833728790283203125e+00
1.351928234100341797e+01
1.501206779479980469e+01
1.441513156890869141e+01
1.361862373352050781e+01
1.143667888641357422e+01
8.510861396789550781e+00
3.354021549224853516e+00
-3.723066329956054688e+00
-5.408157825469970703e+00
-1.166605281829833984e+01
-1.204265880584716797e+01
-1.241229724884033203e+01
-1.462419319152832031e+01
-1.363107872009277344e+01
-1.503401184082031250e+01
-1.746475410461425781e+01
-1.432824516296386719e+01
-7.150333404541015625e+00
3.070677220821380615e-01
1.250659704208374023e+00
4.005224704742431641e+00
7.025045156478881836e-01
6.702112674713134766e+00
6.916511535644531250e+00
9.515837669372558594e+00
1.533855915069580078e+01
1.895353698730468750e+01
2.109366989135742188e+01
2.042585945129394531e+01
1.940665054321289062e+01
1.291256046295166016e+01
9.872426986694335938e+00
4.781864166259765625e+00
2.796822071075439453e+00
1.561878919601440430e+00
2.312422990798950195e+00
3.671913146972656250e+00
2.919293165206909180e+00
-2.671236991882324219e+00
2.814021348953247070e+00
1.859753966331481934e+00
-2.838337659835815430e+00
-1.398188620805740356e-01
2.164301156997680664e+00
4.380793094635009766e+00
6.481634616851806641e+00
5.917466282844543457e-01
-2.623790502548217773e+00
2.193065404891967773e+00
4.473462104797363281e+00
-3.069935798645019531e+00
3.070528984069824219e+00
5.086263179779052734e+00
6.593727111816406250e+00
6.126675605773925781e+00
8.112903594970703125e+00
6.471997261047363281e+00
8.666100502014160156e+00
5.780909538269042969e+00
4.129326939582824707e-01
-7.142178416252136230e-01
-4.020941257476806641e+00
-4.034285545349121094e+00
-1.031323432922363281e+01
-1.396839332580566406e+01
-1.798103141784667969e+01
-1.465206718444824219e+01
-8.979840278625488281e+00
-6.782474994659423828e+00
-5.500826984643936157e-02
8.451405167579650879e-01
4.539887428283691406e+00
1.373471927642822266e+01
1.481457138061523438e+01
1.408997535705566406e+01
1.643353462219238281e+01
1.769798278808593750e+01
1.240206623077392578e+01
7.392458915710449219e+00
-1.547644972801208496e+00
-3.823593616485595703e+00
-4.402440547943115234e+00
-1.195295524597167969e+01
-1.733961486816406250e+01
-2.070119857788085938e+01
-1.656045341491699219e+01
-1.675350189208984375e+01
-1.908623886108398438e+01
-1.452322101593017578e+01
-9.078736305236816406e+00
-4.861485481262207031e+00
1.830099821090698242e+00
8.298241615295410156e+00
1.113153839111328125e+01
1.171157169342041016e+01
1.594439125061035156e+01
1.898956680297851562e+01
1.992337226867675781e+01
2.261773872375488281e+01
2.310050773620605469e+01
2.040184020996093750e+01
1.553946495056152344e+01
1.102359771728515625e+01
1.001283931732177734e+01
4.691864490509033203e+00
5.842144966125488281e+00
3.568420410156250000e+00
-3.862292051315307617e+00
-9.991636276245117188e+00
-8.563200950622558594e+00
-1.156256008148193359e+01
-1.369720745086669922e+01
-1.452989292144775391e+01
-4.791946887969970703e+00
-9.326199442148208618e-02
5.057943344116210938e+00
6.515588283538818359e+00
7.052919864654541016e+00
8.854996681213378906e+00
1.325195121765136719e+01
1.822478866577148438e+01
2.295312690734863281e+01
2.005029106140136719e+01
1.762503433227539062e+01
1.410065078735351562e+01
1.308811283111572266e+01
9.489444732666015625e+00
7.854172229766845703e+00
3.220726728439331055e+00
1.501977741718292236e-01
-5.557466030120849609e+00
-1.256531143188476562e+01
-1.902515029907226562e+01
-2.326256752014160156e+01
-1.993226814270019531e+01
-1.864795112609863281e+01
-1.774157524108886719e+01
-1.251326942443847656e+01
-1.160051727294921875e+01
-5.729014873504638672e+00
7.800498604774475098e-01
6.004945755004882812e+00
4.894994735717773438e+00
1.276947975158691406e+01
1.480182075500488281e+01
7.508702754974365234e+00
8.506413459777832031e+00
4.622473716735839844e+00
-2.407909035682678223e-01
-5.298438072204589844e+00
-7.766248226165771484e+00
-4.489475250244140625e+00
-6.106658935546875000e+00
-9.809560775756835938e-01
-5.008569717407226562e+00
-4.072687625885009766e+00
-7.001321911811828613e-01
1.483592271804809570e+00
3.209606409072875977e+00
4.906559467315673828e+00
2.912917613983154297e+00
3.204268693923950195e+00
1.592867493629455566e+00
6.309789180755615234e+00
9.877764701843261719e+00
1.006414031982421875e+01
1.200944709777832031e+01
1.113020420074462891e+01
1.504468727111816406e+01
1.155944633483886719e+01
3.320957422256469727e+00
8.853217363357543945e-01
-2.767760992050170898e+00
-3.331484556198120117e+00
-4.692902088165283203e+00
-8.196677207946777344e+00
-6.147284984588623047e+00
-5.157136440277099609e+00
-1.779836297035217285e+00
-9.437402486801147461e-01
-1.898007631301879883e+00
3.536690711975097656e+00
3.112785816192626953e+00
5.649393558502197266e+00
6.809905052185058594e+00
5.918207645416259766e+00
4.330233097076416016e+00
5.562210559844970703e+00
3.667613267898559570e+00
3.557596683502197266e+00
8.787533760070800781e+00
3.270100593566894531e+00
8.564090728759765625e-01
1.638682961463928223e+00
-1.036260843276977539e+00
1.617628633975982666e-01
-2.056656837463378906e+00
-6.294814109802246094e+00
-9.316561698913574219e+00
-7.730070114135742188e+00
-4.653907299041748047e+00
-1.655882358551025391e+00
1.885256409645080566e+00
5.069508552551269531e+00
3.870002269744873047e+00
6.428702354431152344e+00
4.994187355041503906e+00
-1.488929986953735352e+00
9.415161609649658203e-01
2.001648545265197754e-01
-1.590939909219741821e-01
-4.276114404201507568e-01
1.805931776762008667e-01
-4.981732845306396484e+00
-2.411467552185058594e+00
-3.151039600372314453e+00
-1.037891861051321030e-02
1.205437257885932922e-01
1.784877419471740723e+00
-3.004993438720703125e+00
-4.961122989654541016e+00
-4.296575546264648438e+00
-3.002472877502441406e+00
-1.027705669403076172e+01
-9.396924972534179688e+00
-1.159681034088134766e+01
-1.779080009460449219e+01
-1.380559253692626953e+01
-1.258607006072998047e+01
-1.656371688842773438e+01
-1.358748722076416016e+01
-1.569944858551025391e+01
-1.730314064025878906e+01
-1.222147274017333984e+01
-7.688554763793945312e+00
-2.213230133056640625e+00
-4.843100070953369141e+00
-3.618535757064819336e+00
1.296475172042846680e+00
2.932785749435424805e-01
5.841403484344482422e+00
4.360183715820312500e+00
3.956443786621093750e+00
4.044664382934570312e+00
3.624170064926147461e+00
9.303959012031555176e-01
-1.568551182746887207e+00
-4.057267665863037109e+00
-5.897598266601562500e+00
-1.192804622650146484e+01
-1.395801448822021484e+01
-1.359875583648681641e+01
-1.543537902832031250e+01
-1.117735385894775391e+01
-8.997929573059082031e+00
-1.226046848297119141e+01
-1.397565841674804688e+01
-9.963761329650878906e+00
-1.398840999603271484e+01
-8.941735267639160156e+00
-2.721648931503295898e+00
-5.309558391571044922e+00
3.308206081390380859e+00
6.468735218048095703e+00
5.105093479156494141e+00
6.971667766571044922e+00
7.840086936950683594e+00
7.116379737854003906e+00
7.252788066864013672e+00
6.774468421936035156e-01
-1.195651412010192871e+00
-1.856343746185302734e+00
-4.410447120666503906e+00
-1.062949562072753906e+01
-1.510666465759277344e+01
-1.754259681701660156e+01
-1.142674446105957031e+01
-9.036924362182617188e+00
-8.983843803405761719e+00
-9.421833992004394531e+00
-5.110134601593017578e+00
-3.446245670318603516e+00
-2.358238458633422852e+00
-1.791994452476501465e+00
-1.072883605957031250e+00
5.838882923126220703e-01
1.897118091583251953e+00
1.405157327651977539e+00
2.298337459564208984e+00
5.963874816894531250e+00
4.539294242858886719e+00
2.675981760025024414e+00
2.817283391952514648e+00
3.495174884796142578e+00
3.711056470870971680e+00
2.624383568763732910e-01
-7.271025657653808594e+00
-1.020129108428955078e+01
-7.488389492034912109e+00
-6.242771148681640625e+00
-1.002069759368896484e+01
-1.143430614471435547e+01
-6.723315238952636719e+00
-3.703198194503784180e+00
-5.295027732849121094e+00
-1.024087905883789062e+01
-5.812787532806396484e+00
-4.051188468933105469e+00
-1.566178798675537109e+00
7.947286367416381836e-01
9.401817321777343750e-01
6.518109321594238281e+00
1.180839252471923828e+01
1.387928295135498047e+01
7.096214771270751953e+00
4.696460723876953125e+00
-9.788802862167358398e-01
-4.101600170135498047e+00
-5.560579776763916016e+00
-3.767992258071899414e+00
-7.865292549133300781e+00
-7.462145805358886719e+00
-1.190565776824951172e+01
-1.355531215667724609e+01
-1.666898727416992188e+01
-1.661205291748046875e+01
-1.194657993316650391e+01
-6.771058082580566406e+00
-6.426181316375732422e+00
-7.665720939636230469e+00
-1.304185271263122559e+00
2.867546975612640381e-01
-2.305899143218994141e+00
-4.380200386047363281e+00
1.046788096427917480e+00
1.823279500007629395e+00
4.829755783081054688e+00
-1.107134103775024414e+00
-1.232125908136367798e-01
-1.077924817800521851e-01
1.305223107337951660e+00
5.339508533477783203e+00
1.312933206558227539e+00
2.537645578384399414e+00
4.811221599578857422e+00
-2.860578298568725586e+00
-5.098124980926513672e+00
-9.583745002746582031e+00
-8.192377090454101562e+00
-8.167170524597167969e+00
-6.557845592498779297e+00
-6.115851879119873047e+00
-2.935009956359863281e+00
-3.681254148483276367e+00
9.338061213493347168e-01
2.165190696716308594e+00
3.461220979690551758e+00
-9.131965637207031250e-01
4.575768470764160156e+00
6.924962520599365234e+00
7.353908538818359375e+00
7.662903785705566406e+00
7.288224697113037109e+00
5.647911071777343750e+00
2.662934064865112305e-01
-5.353446006774902344e+00
-5.148833274841308594e+00
-1.672340273857116699e+00
-2.320429563522338867e+00
-4.080990791320800781e+00
-5.067581176757812500e+00
-4.332012176513671875e+00
-3.467596769332885742e+00
-2.973263502120971680e+00
-6.856313705444335938e+00
-4.526394844055175781e+00
-6.009393692016601562e+00
-4.216658115386962891e+00
-2.873922586441040039e+00
-1.136639833450317383e+00
5.590085506439208984e+00
8.929280281066894531e+00
6.855720520019531250e+00
5.633973598480224609e+00
1.176079750061035156e+00
5.291469097137451172e+00
1.637348532676696777e+00
-2.020034074783325195e+00
1.797628641128540039e+00
-1.708963036537170410e+00
-4.987663269042968750e+00
-6.579344749450683594e+00
-4.421419143676757812e+00
2.726690173149108887e-01
1.561878919601440430e+00
-6.251074075698852539e-01
-4.428239822387695312e+00
-4.908635616302490234e+00
-4.364038467407226562e+00
-2.457727909088134766e+00
-2.718238830566406250e+00
-7.140696048736572266e-01
-1.200840830802917480e+00
-2.801418304443359375e+00
-3.983428955078125000e+00
-5.641386985778808594e+00
-7.150036811828613281e+00
-1.006591987609863281e+01
-1.393147373199462891e+01
-1.678775215148925781e+01
-1.454916763305664062e+01
-1.120003890991210938e+01
-1.834622192382812500e+01
-2.001099967956542969e+01
-2.027551460266113281e+01
-1.546770191192626953e+01
-7.318175315856933594e+00
-2.621418237686157227e+00
1.896376758813858032e-01
7.355539321899414062e+00
6.275835514068603516e+00
4.876757144927978516e+00
3.954516172409057617e+00
2.178386688232421875e+00
-3.193741559982299805e+00
4.932951629161834717e-01
-1.494712591171264648e+00
-4.546855926513671875e+00
-3.846427202224731445e+00
-2.080380201339721680e+00
-8.094963073730468750e+00
-9.488703727722167969e+00
-1.048730373382568359e+01
-1.062460231781005859e+01
-1.177666187286376953e+01
-1.024562358856201172e+01
-7.820070266723632812e+00
-7.563562870025634766e+00
-4.845175743103027344e+00
-3.445059537887573242e+00
1.818534851074218750e+00
1.077776551246643066e+00
2.692736387252807617e+00
3.268617868423461914e+00
7.304386138916015625e+00
5.534039497375488281e+00
1.490561008453369141e+00
8.196380138397216797e-01
1.290989160537719727e+00
-1.032702445983886719e+00
-1.754482030868530273e+00
-5.549756050109863281e+00
-3.770512819290161133e+00
-5.353149414062500000e+00
-5.984188079833984375e+00
-8.794354438781738281e+00
-1.992752403020858765e-01
-3.811880350112915039e+00
-6.187614917755126953e+00
-5.296510219573974609e+00
-1.109654664993286133e+00
-3.147629499435424805e+00
-5.856230735778808594e+00
-6.728059768676757812e+00
-1.014480018615722656e+01
-8.055671691894531250e+00
-4.471831321716308594e+00
-1.651137709617614746e+00
2.135091833770275116e-02
5.411568164825439453e+00
1.701549530029296875e+00
-2.981122016906738281e+00
-2.860133409500122070e+00
-9.292097687721252441e-01
1.100461959838867188e+00
-2.046129703521728516e+00
1.967991232872009277e+00
7.528274536132812500e+00
6.362721920013427734e+00
4.441584110260009766e+00
2.820990085601806641e+00
-4.615653455257415771e-01
-2.507991552352905273e+00
-4.807663440704345703e+00
-1.001699066162109375e+01
-6.371766567230224609e+00
-4.850068569183349609e+00
-4.110496520996093750e+00
-6.163298130035400391e+00
-5.412161350250244141e+00
-6.385703563690185547e+00
-3.650858640670776367e+00
6.566889882087707520e-01
2.322653770446777344e+00
3.936279058456420898e+00
5.994566917419433594e+00
1.005672740936279297e+01
1.507849311828613281e+01
1.211501502990722656e+01
1.273448848724365234e+01
9.070137023925781250e+00
1.107297134399414062e+01
5.671337604522705078e+00
4.119689464569091797e+00
-5.189459323883056641e-01
-2.644696712493896484e+00
-3.034944057464599609e+00
-5.077218532562255859e+00
-1.673081636428833008e+00
-5.803298354148864746e-01
-2.907431602478027344e+00
-2.316426277160644531e+00
-7.293710708618164062e+00
-3.758651256561279297e+00
-1.288616895675659180e+00
5.232605934143066406e+00
6.610777854919433594e+00
1.223985862731933594e+01
1.702839469909667969e+01
1.001180171966552734e+01
9.247320175170898438e+00
4.442177295684814453e+00
2.980677127838134766e+00
5.769196033477783203e+00
3.170759677886962891e+00
-1.874284386634826660e+00
-7.315654754638671875e-01
2.249408245086669922e+00
6.222902774810791016e+00
-3.711353063583374023e+00
-2.536756038665771484e+00
-2.098172426223754883e+00
-1.885256409645080566e+00
-4.476872444152832031e+00
-2.873625993728637695e+00
-2.332291364669799805e+00
-5.508091926574707031e+00
-1.762488603591918945e+00
-2.358979940414428711e+00
9.266891479492187500e-01
1.891632080078125000e+00
9.362970352172851562e+00
1.103990745544433594e+01
1.128262615203857422e+01
1.157145595550537109e+01
1.120760059356689453e+01
8.595375061035156250e+00
9.210252761840820312e+00
5.877729892730712891e+00
2.599770784378051758e+00
1.083559036254882812e+00
-1.263410925865173340e+00
-5.000118255615234375e+00
-5.169739246368408203e+00
-5.220299243927001953e+00
-3.048288345336914062e+00
-1.430659770965576172e+00
3.441352844238281250e+00
-1.414943099021911621e+00
-1.136788129806518555e+00
4.425274372100830078e+00
4.929393291473388672e+00
2.185948610305786133e+00
3.444614887237548828e+00
5.126296043395996094e+00
6.838817596435546875e+00
9.273563385009765625e+00
8.782343864440917969e+00
5.326312541961669922e+00
4.375751972198486328e+00
2.559737920761108398e+00
2.119375228881835938e+00
-3.751385927200317383e+00
-5.059129714965820312e+00
-1.183493256568908691e+00
4.069128990173339844e+00
2.421550035476684570e+00
9.433250427246093750e+00
1.277644824981689453e+01
5.770975112915039062e+00
7.013925075531005859e+00
7.773365020751953125e+00
2.429556608200073242e+00
2.790298223495483398e+00
3.579244315624237061e-01
-1.527480244636535645e+00
-3.515487909317016602e-01
-2.613115072250366211e+00
-1.565289139747619629e+00
-1.401895403861999512e+00
1.873394846916198730e+00
3.879343271255493164e+00
6.159591674804687500e+00
8.704650878906250000e+00
9.996826171875000000e+00
3.513412237167358398e+00
5.559986591339111328e+00
2.612521946430206299e-01
-1.458534598350524902e+00
4.936954975128173828e+00
-1.291582226753234863e+00
-1.155025362968444824e+00
-2.845751285552978516e+00
-1.078221321105957031e+00
1.320346713066101074e+00
-4.053264141082763672e+00
-4.639080047607421875e+00
-4.014565467834472656e+00
-1.517546176910400391e+00
-3.763099312782287598e-01
-1.735206961631774902e+00
-1.503015637397766113e+00
-3.028568506240844727e+00
-1.639869064092636108e-01
-6.987977623939514160e-01
3.659606695175170898e+00
6.799971103668212891e+00
3.468931198120117188e+00
1.060176849365234375e+01
6.461766242980957031e+00
8.784865379333496094e+00
1.485816359519958496e+00
-2.690957069396972656e+00
-6.721239566802978516e+00
-3.252160072326660156e+00
-5.291172504425048828e+00
-6.557252407073974609e+00
-3.710759878158569336e+00
-5.674006462097167969e+00
-3.410660982131958008e+00
3.430973887443542480e-01
-6.366724967956542969e-01
-3.551369428634643555e+00
-4.342984199523925781e+00
-2.090907335281372070e+00
9.876282215118408203e-01
2.287513732910156250e+00
-2.499836683273315430e-01
1.209440588951110840e+00
5.725456237792968750e+00
7.633842945098876953e+00
1.627399635314941406e+01
1.198616790771484375e+01
1.379565811157226562e+01
1.423453807830810547e+01
9.781685829162597656e+00
4.185076713562011719e+00
1.684943318367004395e+00
2.120857954025268555e+00
-1.059242725372314453e+00
-3.164977073669433594e+00
-4.193231582641601562e+00
-7.168274402618408203e+00
-4.261732101440429688e+00
-1.450972795486450195e+00
-2.806459665298461914e+00
-6.496609687805175781e+00
-6.054468154907226562e+00
-2.474185943603515625e+00
-7.750086784362792969e-01
-1.087414145469665527e+00
8.273480534553527832e-01
-2.755602836608886719e+00
5.411864817142486572e-02
5.803891181945800781e+00
1.840182304382324219e+00
6.189987182617187500e+00
7.867813110351562500e+00
8.274815559387207031e+00
3.276031494140625000e+00
-8.787978291511535645e-01
1.273493289947509766e+00
2.143988132476806641e+00
-2.299671769142150879e-01
-2.161187410354614258e+00
-7.473562717437744141e+00
-1.578781723976135254e+00
-3.745455265045166016e+00
-1.062801241874694824e+00
-1.207513093948364258e+00
1.286096334457397461e+00
5.951568484306335449e-01
-2.022406458854675293e-01
-9.771010279655456543e-02
-1.834696292877197266e+00
-9.341026842594146729e-02
5.645834922790527344e+00
8.038620948791503906e+00
7.758389949798583984e+00
7.413364887237548828e+00
4.340167045593261719e+00
1.806376576423645020e+00
-2.372324168682098389e-01
2.355717897415161133e+00
7.451322078704833984e+00
3.676361322402954102e+00
2.767464399337768555e+00
-1.561285853385925293e-01
-1.655585765838623047e+00
1.526590585708618164e+00
-3.468782901763916016e+00
-3.998552560806274414e+00
-1.016985774040222168e+00
-2.293444395065307617e+00
-8.608867645263671875e+00
-7.223875522613525391e+00
-5.030365467071533203e+00
-7.216758728027343750e+00
-1.196615123748779297e+01
-1.046951198577880859e+01
-9.086001396179199219e+00
-8.308176040649414062e+00
-6.861651420593261719e+00
-6.275242328643798828e+00
-6.031189441680908203e+00
-8.166429519653320312e+00
-3.420298576354980469e+00
-1.188089609146118164e+00
1.256145715713500977e+00
-2.391302824020385742e+00
-1.230050086975097656e+00
-9.667221307754516602e-01
1.160659670829772949e+00
-4.330826282501220703e+00
-4.753989696502685547e+00
-5.246988296508789062e+00
-8.897698402404785156e+00
-4.318816184997558594e+00
-6.999839305877685547e+00
-4.434763431549072266e+00
-1.143163681030273438e+00
-1.175783202052116394e-01
-1.396705865859985352e+00
-3.064005136489868164e+00
-6.547615051269531250e+00
-6.065291881561279297e+00
-3.264614582061767578e+00
-2.234581232070922852e+00
3.329557180404663086e+00
6.024665832519531250e+00
1.192774963378906250e+01
1.353885459899902344e+01
1.308114433288574219e+01
1.574496746063232422e+01
1.353351688385009766e+01
1.051206493377685547e+01
7.679955005645751953e+00
6.879443645477294922e+00
2.291961669921875000e+00
-5.440036058425903320e-01
7.563266158103942871e-01
-2.967777729034423828e+00
-2.304713010787963867e+00
1.359786629676818848e+00
-1.406195163726806641e+00
-2.396195650100708008e+00
-9.566397666931152344e-01
-2.441566467285156250e+00
-5.332984924316406250e+00
-8.132624030113220215e-01
-3.734038352966308594e+00
2.489902496337890625e+00
4.927169322967529297e+00
2.498057365417480469e+00
2.697480916976928711e+00
3.998552560806274414e+00
9.158654212951660156e+00
8.390169143676757812e+00
8.493068695068359375e+00
5.872837066650390625e+00
-3.340084314346313477e+00
-6.399047851562500000e+00
-8.866709709167480469e+00
-7.995918750762939453e+00
-9.961240768432617188e+00
-8.704057693481445312e+00
-6.074780941009521484e+00
-5.402375221252441406e+00
-5.425060749053955078e+00
-2.357052326202392578e+00
-1.068732023239135742e+00
2.986756324768066406e+00
1.429177045822143555e+00
-4.850068569183349609e+00
-1.144646406173706055e-01
-5.435587763786315918e-01
6.335588693618774414e-01
4.864747524261474609e-01
3.101369142532348633e+00
3.088024854660034180e+00
4.270480155944824219e+00
4.609574317932128906e+00
3.251715183258056641e+00
6.781881809234619141e+00
9.110466003417968750e+00
4.730562686920166016e+00
6.387038230895996094e+00
4.414450645446777344e+00
5.500678539276123047e+00
4.288568973541259766e+00
5.939855098724365234e+00
1.592422604560852051e+00
-2.243922233581542969e+00
-4.114796161651611328e+00
-9.843662977218627930e-01
3.890611648559570312e+00
-2.387299537658691406e+00
-5.810118675231933594e+00
-6.586016654968261719e+00
-4.098783016204833984e+00
-4.868305683135986328e+00
-9.846628189086914062e+00
-6.542721748352050781e+00
-2.527859687805175781e+00
2.297299385070800781e+00
-9.177929162979125977e-02
-1.339770078659057617e+00
2.237694740295410156e+00
4.599343776702880859e+00
9.044486097991466522e-03
1.609028935432434082e+00
1.161401033401489258e+00
1.595536351203918457e+00
1.629045367240905762e+00
3.062225818634033203e+00
-9.799181818962097168e-01
-5.032292842864990234e+00
-3.703049898147583008e+00
-8.977764248847961426e-01
-3.208865165710449219e+00
-2.590133190155029297e+00
-7.647780179977416992e-01
2.869919300079345703e+00
-1.610511660575866699e+00
-1.063097789883613586e-01
-7.576610893011093140e-02
3.010182857513427734e+00
3.121385574340820312e+00
3.808025121688842773e+00
3.546921253204345703e+00
6.052985191345214844e+00
7.104814529418945312e+00
5.732721328735351562e+00
5.370348930358886719e+00
5.722045898437500000e+00
6.092424988746643066e-01
6.704781651496887207e-01
-2.297892570495605469e+00
1.854564428329467773e+00
-5.786691665649414062e+00
3.769030272960662842e-01
1.762785196304321289e+00
4.208651542663574219e+00
4.823231697082519531e+00
-1.144498229026794434e+00
4.066015243530273438e+00
1.330577373504638672e+00
-2.262011051177978516e+00
-5.134599208831787109e-01
2.312126398086547852e+00
2.109144449234008789e+00
3.309985399246215820e+00
4.571913719177246094e+00
9.038703918457031250e+00
8.682854652404785156e+00
1.994679927825927734e+00
-9.901488423347473145e-01
1.144942998886108398e+00
-7.996215224266052246e-01
-3.635586798191070557e-01
1.060280680656433105e+00
-3.133395433425903320e+00
-7.546659946441650391e+00
-9.516578674316406250e+00
-7.496840953826904297e+00
-7.735556125640869141e+00
-4.237860679626464844e+00
-6.070777893066406250e+00
-8.074501991271972656e+00
-4.296872138977050781e+00
-2.873329401016235352e+00
-6.172935962677001953e+00
-6.162112355232238770e-01
-1.359045267105102539e+00
1.026475071907043457e+00
-2.138353824615478516e+00
5.185900688171386719e+00
5.939113616943359375e+00
1.397447228431701660e+00
7.659642100334167480e-01
1.891187191009521484e+00
-9.074140340089797974e-02
1.032257556915283203e+00
-5.632787346839904785e-01
-3.312209367752075195e+00
6.335588693618774414e-01
-1.751368403434753418e+00
-1.028699040412902832e+00
-5.592309474945068359e+00
-1.019432163238525391e+01
-1.038292217254638672e+01
-2.772802114486694336e+00
-3.885125637054443359e+00
-5.456345900893211365e-02
1.009275674819946289e+00
1.071994066238403320e+00
2.902687072753906250e+00
9.603465199470520020e-01
1.360527992248535156e+00
6.122227668762207031e+00
4.470644950866699219e+00
1.906459093093872070e+00
6.737400889396667480e-01
-1.438221573829650879e+00
-2.939457893371582031e+00
-4.760216712951660156e+00
-3.027678728103637695e-01
-1.794366717338562012e+00
-5.342325687408447266e+00
-4.580216884613037109e+00
-1.007096099853515625e+01
-7.044764995574951172e+00
-1.299129199981689453e+01
-1.046847343444824219e+01
-1.106481647491455078e+01
-1.247649765014648438e+01
-1.182737064361572266e+01
-1.282982635498046875e+01
-1.085338306427001953e+01
-1.244550991058349609e+01
-7.649559497833251953e+00
-7.529905319213867188e+00
-7.382821083068847656e+00
-6.146840572357177734e+00
-3.631731748580932617e+00
-8.102080345153808594e+00
-1.199209880828857422e+01
-1.138196659088134766e+01
-5.549607753753662109e+00
-6.725687503814697266e+00
-3.957778215408325195e+00
5.259146094322204590e-01
-7.615160942077636719e-01
-4.888025760650634766e+00
-1.000527763366699219e+01
-1.447992610931396484e+01
-1.562753772735595703e+01
-1.689035606384277344e+01
-1.845238304138183594e+01
-1.757210159301757812e+01
-1.563035488128662109e+01
-1.633463859558105469e+01
-1.474399471282958984e+01
-1.293257713317871094e+01
-1.393443965911865234e+01
-1.274264335632324219e+01
-8.809774398803710938e+00
-1.185079765319824219e+01
-1.066255950927734375e+01
-1.209114360809326172e+01
-1.106555843353271484e+01
-1.301679515838623047e+01
-9.935294151306152344e+00
-1.563925075531005859e+01
-1.563139247894287109e+01
-8.099559783935546875e+00
-1.540824604034423828e+01
-1.196526241302490234e+01
-7.216610431671142578e+00
-1.084908390045166016e+01
-9.641570091247558594e+00
-5.030661582946777344e+00
-2.002834796905517578e+00
-6.221271991729736328e+00
-6.344929218292236328e+00
-5.096048831939697266e+00
-7.270135879516601562e+00
-8.771668434143066406e+00
-5.337729454040527344e+00
4.640859365463256836e-02
-1.614811420440673828e+00
7.176577568054199219e+00
3.522308349609375000e+00
6.765127182006835938e+00
6.313644409179687500e+00
-8.270515203475952148e-01
-2.602587938308715820e+00
-6.454946041107177734e+00
1.124778270721435547e+00
1.126705765724182129e+00
4.726707935333251953e+00
5.166032791137695312e+00
3.527497768402099609e+00
2.741665363311767578e+00